Endges = [1, 1, 2, 2, 2, 3, 3, 3, 4, 4, 5, 5, 6, 6, 7;
          4, 6, 3, 4, 5, 5, 6, 7, 5, 6, 4, 6, 4, 7, 6];